0.000000 9.25906036e-01 -1.05647993e-03 9.24849557e-01
0.010000 9.25906109e-01 -1.05655269e-03 9.24849557e-01
0.110000 9.25914996e-01 -1.06543850e-03 9.24849557e-01
0.210000 9.25939650e-01 -1.09009034e-03 9.24849559e-01
0.310000 9.25982304e-01 -1.13274127e-03 9.24849562e-01
0.410000 9.26046510e-01 -1.19694319e-03 9.24849567e-01
0.510000 9.26137451e-01 -1.28787810e-03 9.24849573e-01
0.610000 9.26262541e-01 -1.41295897e-03 9.24849582e-01
0.710000 9.26432705e-01 -1.58310966e-03 9.24849596e-01
0.810000 9.26665073e-01 -1.81545386e-03 9.24849619e-01
0.910000 9.26988355e-01 -2.13869525e-03 9.24849660e-01
1.010000 9.27453059e-01 -2.60332626e-03 9.24849732e-01
1.110000 9.28149734e-01 -3.29987301e-03 9.24849861e-01
1.210000 9.29237546e-01 -4.38747393e-03 9.24850072e-01
1.310000 9.30978177e-01 -6.12780824e-03 9.24850369e-01
1.410000 9.33749738e-01 -8.89907489e-03 9.24850663e-01
1.510000 9.37977897e-01 -1.31272709e-02 9.24850626e-01
1.610000 9.43783260e-01 -1.89340643e-02 9.24849196e-01
1.710000 9.49771038e-01 -2.49221846e-02 9.24848853e-01
1.810000 9.56653064e-01 -3.18040679e-02 9.24848996e-01
1.910000 9.55073951e-01 -3.02508677e-02 9.24823083e-01
2.010000 9.67055256e-01 -4.22319303e-02 9.24823325e-01
2.110000 9.67091589e-01 -4.22661082e-02 9.24825480e-01
2.210000 9.57873018e-01 -3.29615711e-02 9.24911447e-01
2.310000 9.70279812e-01 -4.54290247e-02 9.24850787e-01
2.410000 9.72545233e-01 -4.76994317e-02 9.24845802e-01
2.510000 9.70386728e-01 -4.56623918e-02 9.24724336e-01
2.610000 9.75997961e-01 -5.11908230e-02 9.24807138e-01
2.710000 9.77531458e-01 -5.27936638e-02 9.24737794e-01
2.810000 9.77043692e-01 -5.21909936e-02 9.24852698e-01
2.910000 9.81265815e-01 -5.64384239e-02 9.24827391e-01
3.010000 9.92815496e-01 -6.80181423e-02 9.24797354e-01
3.110000 9.79981430e-01 -5.50918447e-02 9.24889586e-01
3.210000 9.95550231e-01 -7.07534751e-02 9.24796756e-01
3.310000 9.94579526e-01 -6.98034067e-02 9.24776119e-01
3.410000 9.79914007e-01 -5.50253569e-02 9.24888651e-01
3.510000 9.80058927e-01 -5.52212488e-02 9.24837678e-01
3.610000 9.71623897e-01 -4.67782495e-02 9.24845647e-01
3.710000 9.66321759e-01 -4.14694949e-02 9.24852264e-01
3.810000 9.64719789e-01 -3.98692805e-02 9.24850509e-01
3.910000 9.68168373e-01 -4.33191567e-02 9.24849217e-01
4.010000 9.62012339e-01 -3.72614548e-02 9.24750884e-01
4.110000 9.70576381e-01 -4.58456927e-02 9.24730688e-01
4.210000 9.66808105e-01 -4.19542366e-02 9.24853868e-01
4.310000 9.61732383e-01 -3.68987106e-02 9.24833673e-01
4.410000 9.60658297e-01 -3.58265906e-02 9.24831706e-01
4.510000 9.61426731e-01 -3.65762762e-02 9.24850455e-01
4.610000 9.62374760e-01 -3.75220009e-02 9.24852759e-01
4.710000 9.67361347e-01 -4.25324401e-02 9.24828907e-01
4.810000 9.64407966e-01 -3.95819901e-02 9.24825976e-01
4.910000 9.70266163e-01 -4.54305524e-02 9.24835611e-01
5.010000 9.73579674e-01 -4.87367809e-02 9.24842893e-01
5.110000 9.66975709e-01 -4.21169565e-02 9.24858752e-01
5.210000 9.67065600e-01 -4.22256744e-02 9.24839926e-01
5.310000 9.64017852e-01 -3.91648505e-02 9.24853002e-01
5.410000 9.65220134e-01 -4.03640051e-02 9.24856129e-01
5.510000 9.71975151e-01 -4.71830544e-02 9.24792097e-01
5.610000 9.79941458e-01 -5.51835293e-02 9.24757929e-01
5.710000 9.83096492e-01 -5.83339208e-02 9.24762571e-01
5.810000 9.96440391e-01 -7.16817795e-02 9.24758611e-01
5.910000 9.88882049e-01 -6.41122075e-02 9.24769841e-01
6.010000 9.92364101e-01 -6.75043066e-02 9.24859795e-01
6.110000 9.90416472e-01 -6.55290789e-02 9.24887393e-01
6.210000 9.93780838e-01 -6.88904382e-02 9.24890400e-01
6.310000 9.99306156e-01 -7.44495549e-02 9.24856601e-01
6.410000 1.00482885e+00 -8.00173787e-02 9.24811471e-01
6.510000 1.00175981e+00 -7.69427367e-02 9.24817073e-01
6.610000 9.87872273e-01 -6.28615612e-02 9.25010711e-01
6.710000 1.00411910e+00 -7.92779925e-02 9.24841112e-01
6.810000 1.00434745e+00 -7.95062947e-02 9.24841157e-01
6.910000 1.00174298e+00 -7.69011012e-02 9.24841877e-01
7.010000 9.96003431e-01 -7.12200819e-02 9.24783349e-01
7.110000 1.00412811e+00 -7.93244991e-02 9.24803612e-01
7.210000 1.00607884e+00 -8.12703125e-02 9.24808523e-01
7.310000 9.84825194e-01 -6.00731508e-02 9.24752043e-01
7.410000 9.87699756e-01 -6.28548200e-02 9.24844936e-01
7.510000 9.85705531e-01 -6.08894376e-02 9.24816093e-01
7.610000 9.73228775e-01 -4.84308553e-02 9.24797919e-01
7.710000 9.68193451e-01 -4.33512921e-02 9.24842159e-01
7.810000 9.65885994e-01 -4.10329229e-02 9.24853071e-01
7.910000 9.67084340e-01 -4.22272978e-02 9.24857042e-01
8.010000 9.71830728e-01 -4.70932272e-02 9.24737501e-01
8.110000 9.67296888e-01 -4.24661070e-02 9.24830781e-01
8.210000 9.79845695e-01 -5.50074245e-02 9.24838270e-01
8.310000 9.76877605e-01 -5.20261149e-02 9.24851490e-01
8.410000 9.79493053e-01 -5.46494501e-02 9.24843603e-01
8.510000 9.83306568e-01 -5.84546001e-02 9.24851968e-01
8.610000 9.68448695e-01 -4.36111443e-02 9.24837551e-01
8.710000 9.82852727e-01 -5.80180584e-02 9.24834669e-01
8.810000 9.79175826e-01 -5.43171781e-02 9.24858648e-01
8.910000 9.85791932e-01 -6.09535543e-02 9.24838378e-01
9.010000 9.86389690e-01 -6.15657520e-02 9.24823938e-01
9.110000 9.87761617e-01 -6.29609098e-02 9.24800707e-01
9.210000 9.88632187e-01 -6.37829223e-02 9.24849264e-01
9.310000 9.89250026e-01 -6.44274065e-02 9.24822620e-01
9.410000 9.69602847e-01 -4.46947283e-02 9.24908118e-01
9.510000 9.72859652e-01 -4.80229091e-02 9.24836743e-01
9.610000 9.63397553e-01 -3.85448583e-02 9.24852694e-01
9.710000 9.58119687e-01 -3.32676326e-02 9.24852054e-01
9.810000 9.56870554e-01 -3.20189050e-02 9.24851649e-01
9.910000 9.58998960e-01 -3.41475586e-02 9.24851402e-01
10.010000 9.64221901e-01 -3.93731926e-02 9.24848708e-01
10.110000 9.69861850e-01 -4.50104387e-02 9.24851411e-01
10.210000 9.78516301e-01 -5.36698186e-02 9.24846482e-01
10.310000 9.87367955e-01 -6.25405376e-02 9.24827418e-01
10.410000 9.84515587e-01 -5.96782871e-02 9.24837299e-01
10.510000 9.89038764e-01 -6.42258703e-02 9.24812894e-01
10.610000 9.93621074e-01 -6.88383898e-02 9.24782684e-01
10.710000 9.82271147e-01 -5.74440072e-02 9.24827139e-01
10.810000 9.89295761e-01 -6.44807483e-02 9.24815013e-01
10.910000 9.87849438e-01 -6.29967966e-02 9.24852641e-01
11.010000 9.90200720e-01 -6.53569860e-02 9.24843734e-01
11.110000 9.85690186e-01 -6.08394160e-02 9.24850770e-01
11.210000 9.87851365e-01 -6.30206128e-02 9.24830752e-01
11.310000 9.86217796e-01 -6.13678894e-02 9.24849906e-01
11.410000 9.85699047e-01 -6.08511747e-02 9.24847873e-01
11.510000 9.86776240e-01 -6.19193668e-02 9.24856874e-01
11.610000 9.86742739e-01 -6.19322122e-02 9.24810527e-01
11.710000 9.90563619e-01 -6.57634182e-02 9.24800201e-01
11.810000 9.84804988e-01 -5.99547525e-02 9.24850236e-01
11.910000 9.87854533e-01 -6.30181107e-02 9.24836422e-01
12.010000 9.90795173e-01 -6.59494744e-02 9.24845698e-01
12.110000 9.70442377e-01 -4.55002075e-02 9.24942170e-01
12.210000 9.86716976e-01 -6.18866833e-02 9.24830293e-01
12.310000 9.82389414e-01 -5.75533415e-02 9.24836072e-01
12.410000 9.78960571e-01 -5.41004075e-02 9.24860164e-01
12.510000 9.77545824e-01 -5.28167947e-02 9.24729030e-01
12.610000 9.83952577e-01 -5.91677235e-02 9.24784854e-01
12.710000 9.79662454e-01 -5.47977644e-02 9.24864689e-01
12.810000 9.84296965e-01 -5.94586326e-02 9.24838332e-01
12.910000 9.87934027e-01 -6.31326166e-02 9.24801410e-01
13.010000 9.75609647e-01 -5.07742471e-02 9.24835400e-01
13.110000 9.85887519e-01 -6.10394111e-02 9.24848108e-01
13.210000 9.84184724e-01 -5.93430192e-02 9.24841705e-01
13.310000 9.83425579e-01 -5.85642727e-02 9.24861307e-01
13.410000 9.94967992e-01 -7.01202819e-02 9.24847710e-01
13.510000 9.96704312e-01 -7.19245837e-02 9.24779728e-01
13.610000 1.00658205e+00 -8.18414404e-02 9.24740608e-01
13.710000 9.95722624e-01 -7.08380861e-02 9.24884538e-01
13.810000 1.01383875e+00 -8.90615926e-02 9.24777161e-01
13.910000 9.95307641e-01 -7.04203376e-02 9.24887304e-01
14.010000 1.00760751e+00 -8.28106580e-02 9.24796847e-01
14.110000 9.92418058e-01 -6.76583609e-02 9.24759697e-01
14.210000 9.90529932e-01 -6.57070568e-02 9.24822875e-01
14.310000 9.86102130e-01 -6.12538741e-02 9.24848256e-01
14.410000 9.77965357e-01 -5.30922332e-02 9.24873124e-01
14.510000 9.87226524e-01 -6.23955902e-02 9.24830934e-01
14.610000 9.79131347e-01 -5.42109717e-02 9.24920375e-01
14.710000 9.93398947e-01 -6.86718509e-02 9.24727096e-01
14.810000 9.93523861e-01 -6.87265350e-02 9.24797326e-01
14.910000 9.93307735e-01 -6.84539943e-02 9.24853741e-01
15.010000 9.96386864e-01 -7.15791312e-02 9.24807733e-01
15.110000 9.79184243e-01 -5.43285952e-02 9.24855647e-01
15.210000 9.98286021e-01 -7.34805759e-02 9.24805445e-01
15.310000 9.93305820e-01 -6.84839937e-02 9.24821826e-01
15.410000 9.73627545e-01 -4.87443262e-02 9.24883218e-01
15.510000 9.84407803e-01 -5.95795847e-02 9.24828219e-01
15.610000 9.77667097e-01 -5.28222308e-02 9.24844866e-01
15.710000 9.65401527e-01 -4.05004669e-02 9.24901060e-01
15.810000 9.71045315e-01 -4.61993414e-02 9.24845973e-01
15.910000 9.69416663e-01 -4.45635715e-02 9.24853092e-01
16.010000 9.70955379e-01 -4.61184272e-02 9.24836952e-01
16.110000 9.74281447e-01 -4.94904382e-02 9.24791009e-01
16.210000 9.81810149e-01 -5.70203810e-02 9.24789768e-01
16.310000 9.76837514e-01 -5.19595571e-02 9.24877957e-01
16.410000 9.87672012e-01 -6.28370605e-02 9.24834951e-01
16.510000 9.84278667e-01 -5.95427024e-02 9.24735965e-01
16.610000 9.80710747e-01 -5.59248689e-02 9.24785878e-01
16.710000 9.83621400e-01 -5.88251693e-02 9.24796230e-01
16.810000 9.78725949e-01 -5.39028351e-02 9.24823114e-01
16.910000 9.77704269e-01 -5.28502481e-02 9.24854020e-01
17.010000 9.80749563e-01 -5.59020642e-02 9.24847499e-01
17.110000 9.83744045e-01 -5.88808270e-02 9.24863218e-01
17.210000 9.86266274e-01 -6.14122139e-02 9.24854060e-01
17.310000 9.99657391e-01 -7.48399359e-02 9.24817455e-01
17.410000 9.99396556e-01 -7.45406168e-02 9.24855939e-01
17.510000 1.01314598e+00 -8.82988209e-02 9.24847159e-01
17.610000 1.00764402e+00 -8.27703411e-02 9.24873677e-01
17.710000 1.01256872e+00 -8.77257913e-02 9.24842933e-01
17.810000 1.01347240e+00 -8.86307255e-02 9.24841673e-01
17.910000 1.00635136e+00 -8.14965193e-02 9.24854841e-01
18.010000 1.00808332e+00 -8.32412931e-02 9.24842025e-01
18.110000 9.99163925e-01 -7.42356054e-02 9.24928319e-01
18.210000 1.01119880e+00 -8.63948388e-02 9.24803964e-01
18.310000 1.00582556e+00 -8.10110668e-02 9.24814492e-01
18.410000 1.00393708e+00 -7.90795584e-02 9.24857525e-01
18.510000 1.00581595e+00 -8.09724781e-02 9.24843473e-01
18.610000 1.00116643e+00 -7.63196899e-02 9.24846739e-01
18.710000 1.00359917e+00 -7.87662142e-02 9.24832958e-01
18.810000 9.99966601e-01 -7.51316182e-02 9.24834983e-01
18.910000 9.96367567e-01 -7.15255476e-02 9.24842019e-01
19.010000 9.99454471e-01 -7.46063553e-02 9.24848116e-01
19.110000 1.00025128e+00 -7.54226810e-02 9.24828602e-01
19.210000 9.99547302e-01 -7.46852711e-02 9.24862031e-01
19.310000 1.00957348e+00 -8.48163973e-02 9.24757085e-01
19.410000 1.01567535e+00 -9.10030672e-02 9.24672288e-01
19.510000 1.00986549e+00 -8.50607718e-02 9.24804723e-01
19.610000 1.00149523e+00 -7.67422553e-02 9.24752973e-01
19.710000 1.01060494e+00 -8.57668376e-02 9.24838105e-01
19.810000 9.96153082e-01 -7.13079773e-02 9.24845104e-01
19.910000 9.93890022e-01 -6.90567017e-02 9.24833320e-01
20.010000 9.96787516e-01 -7.19494929e-02 9.24838023e-01
20.110000 9.77063383e-01 -5.21514958e-02 9.24911887e-01
20.210000 9.87908721e-01 -6.30850054e-02 9.24823716e-01
20.310000 9.82942686e-01 -5.80872909e-02 9.24855395e-01
20.410000 9.83247629e-01 -5.84234721e-02 9.24824157e-01
20.510000 9.81561584e-01 -5.67530528e-02 9.24808531e-01
20.610000 9.83701451e-01 -5.88375878e-02 9.24863863e-01
20.710000 9.86790982e-01 -6.19622750e-02 9.24828707e-01
20.810000 9.87811017e-01 -6.30286579e-02 9.24782359e-01
20.910000 9.79574902e-01 -5.47830061e-02 9.24791895e-01
21.010000 9.74266561e-01 -4.94050500e-02 9.24861511e-01
21.110000 9.72877272e-01 -4.80390611e-02 9.24838211e-01
21.210000 9.66008253e-01 -4.11561209e-02 9.24852132e-01
21.310000 9.60600905e-01 -3.57662351e-02 9.24834670e-01
21.410000 9.56849484e-01 -3.20099589e-02 9.24839525e-01
21.510000 9.58437811e-01 -3.35863328e-02 9.24851478e-01
21.610000 9.60747607e-01 -3.58959062e-02 9.24851701e-01
21.710000 9.60901318e-01 -3.60847208e-02 9.24816597e-01
21.810000 9.64326666e-01 -3.94893033e-02 9.24837363e-01
21.910000 9.74283801e-01 -4.95376105e-02 9.24746191e-01
22.010000 9.76170413e-01 -5.14608588e-02 9.24709554e-01
22.110000 9.78865415e-01 -5.41024070e-02 9.24763008e-01
22.210000 9.78809578e-01 -5.40239080e-02 9.24785670e-01
22.310000 9.73542443e-01 -4.87044992e-02 9.24837944e-01
22.410000 9.71455124e-01 -4.66329637e-02 9.24822160e-01
22.510000 9.66083648e-01 -4.12352279e-02 9.24848420e-01
22.610000 9.59167816e-01 -3.43163857e-02 9.24851430e-01
22.710000 9.55488859e-01 -3.06378218e-02 9.24851038e-01
22.810000 9.54578099e-01 -2.97272803e-02 9.24850819e-01
22.910000 9.56026619e-01 -3.11754915e-02 9.24851128e-01
23.010000 9.60301074e-01 -3.54490058e-02 9.24852068e-01
23.110000 9.68791236e-01 -4.39407795e-02 9.24850456e-01
23.210000 9.74645039e-01 -4.98524563e-02 9.24792582e-01
23.310000 9.72891353e-01 -4.80927046e-02 9.24798648e-01
23.410000 9.75684730e-01 -5.08278092e-02 9.24856921e-01
23.510000 9.75109019e-01 -5.02674776e-02 9.24841541e-01
23.610000 9.66548320e-01 -4.16749871e-02 9.24873333e-01
23.710000 9.70411020e-01 -4.55688025e-02 9.24842218e-01
23.810000 9.70527245e-01 -4.56922591e-02 9.24834986e-01
23.910000 9.68333663e-01 -4.34759361e-02 9.24857727e-01
24.010000 9.80718941e-01 -5.58898983e-02 9.24829043e-01
24.110000 9.74605461e-01 -4.97621522e-02 9.24843309e-01
24.210000 9.81989372e-01 -5.71567885e-02 9.24832583e-01
24.310000 9.76372070e-01 -5.14891742e-02 9.24882896e-01
24.410000 9.82571250e-01 -5.77261076e-02 9.24845143e-01
24.510000 9.77914219e-01 -5.30752145e-02 9.24839005e-01
24.610000 9.81887968e-01 -5.70455335e-02 9.24842434e-01
24.710000 9.87863795e-01 -6.30454390e-02 9.24818356e-01
24.810000 9.92669137e-01 -6.78719071e-02 9.24797230e-01
24.910000 9.97468590e-01 -7.27908559e-02 9.24677734e-01
25.010000 9.90338134e-01 -6.55513748e-02 9.24786760e-01
25.110000 9.85269281e-01 -6.04220669e-02 9.24847214e-01
25.210000 9.77110617e-01 -5.22586809e-02 9.24851936e-01
25.310000 9.75009290e-01 -5.01664073e-02 9.24842882e-01
25.410000 9.64675556e-01 -3.97719625e-02 9.24903594e-01
25.510000 9.71048794e-01 -4.62025637e-02 9.24846230e-01
25.610000 9.71616834e-01 -4.67624598e-02 9.24854374e-01
25.710000 9.77755264e-01 -5.29189995e-02 9.24836265e-01
25.810000 9.78401482e-01 -5.35232009e-02 9.24878281e-01
25.910000 9.92048975e-01 -6.71956609e-02 9.24853314e-01
26.010000 1.01371258e+00 -8.89602387e-02 9.24752344e-01
26.110000 1.00797005e+00 -8.33158143e-02 9.24654240e-01
26.210000 1.00674874e+00 -8.19858434e-02 9.24762897e-01
26.310000 1.01236563e+00 -8.75978960e-02 9.24767734e-01
26.410000 9.95223033e-01 -7.03644328e-02 9.24858600e-01
26.510000 9.99078775e-01 -7.42891597e-02 9.24789616e-01
26.610000 9.93495730e-01 -6.87411529e-02 9.24754577e-01
26.710000 9.94071827e-01 -6.92645996e-02 9.24807227e-01
26.810000 9.79470902e-01 -5.45346460e-02 9.24936256e-01
26.910000 9.95133608e-01 -7.03077816e-02 9.24825827e-01
27.010000 9.81801849e-01 -5.68979123e-02 9.24903937e-01
27.110000 1.00103964e+00 -7.62217834e-02 9.24817860e-01
27.210000 9.88825738e-01 -6.39660243e-02 9.24859714e-01
27.310000 9.94108950e-01 -6.93004292e-02 9.24808521e-01
27.410000 9.90967078e-01 -6.61185504e-02 9.24848527e-01
27.510000 9.82494816e-01 -5.76449937e-02 9.24849822e-01
27.610000 9.83905972e-01 -5.90837604e-02 9.24822211e-01
27.710000 9.72418977e-01 -4.75419114e-02 9.24877066e-01
27.810000 9.72418470e-01 -4.75704451e-02 9.24848025e-01
27.910000 9.68530842e-01 -4.36789458e-02 9.24851896e-01
28.010000 9.68115170e-01 -4.32668088e-02 9.24848361e-01
28.110000 9.66583627e-01 -4.17267795e-02 9.24856847e-01
28.210000 9.72750979e-01 -4.79116114e-02 9.24839368e-01
28.310000 9.74417983e-01 -4.95952211e-02 9.24822762e-01
28.410000 9.75868895e-01 -5.10505389e-02 9.24818356e-01
28.510000 9.75975864e-01 -5.11220200e-02 9.24853844e-01
28.610000 9.77303523e-01 -5.24583886e-02 9.24845134e-01
28.710000 9.77844380e-01 -5.29990219e-02 9.24845358e-01
28.810000 9.75551241e-01 -5.06983382e-02 9.24852903e-01
28.910000 9.77357246e-01 -5.25085415e-02 9.24848704e-01
29.010000 9.82161083e-01 -5.73085038e-02 9.24852579e-01
29.110000 9.87487675e-01 -6.27280829e-02 9.24759592e-01
29.210000 9.93554786e-01 -6.87913699e-02 9.24763416e-01
29.310000 9.93356950e-01 -6.85055131e-02 9.24851437e-01
29.410000 9.97017021e-01 -7.21814078e-02 9.24835613e-01
29.510000 9.98676483e-01 -7.38477699e-02 9.24828713e-01
29.610000 9.85545899e-01 -6.06429765e-02 9.24902922e-01
29.710000 9.95308487e-01 -7.05099585e-02 9.24798529e-01
29.810000 9.98237048e-01 -7.34116391e-02 9.24825409e-01
29.910000 9.96923282e-01 -7.20718668e-02 9.24851415e-01
30.010000 9.90776907e-01 -6.59556651e-02 9.24821242e-01
30.110000 9.81770193e-01 -5.68834175e-02 9.24886776e-01
30.210000 1.00230861e+00 -7.74844117e-02 9.24824202e-01
30.310000 9.99636116e-01 -7.47931496e-02 9.24842966e-01
30.410000 1.01165106e+00 -8.67953301e-02 9.24855727e-01
30.510000 1.00610637e+00 -8.13201065e-02 9.24786265e-01
30.610000 1.02340208e+00 -9.86425771e-02 9.24759501e-01
30.710000 1.03129230e+00 -1.06567013e-01 9.24725288e-01
30.810000 1.01003760e+00 -8.52924803e-02 9.24745118e-01
30.910000 1.01422096e+00 -8.94196335e-02 9.24801327e-01
31.010000 1.00441547e+00 -7.95607059e-02 9.24854760e-01
31.110000 9.97610104e-01 -7.27924483e-02 9.24817656e-01
31.210000 9.92831425e-01 -6.80091312e-02 9.24822294e-01
31.310000 9.97574751e-01 -7.27321809e-02 9.24842570e-01
31.410000 9.93150420e-01 -6.82848578e-02 9.24865562e-01
31.510000 9.99935250e-01 -7.50963090e-02 9.24838941e-01
31.610000 1.00021221e+00 -7.53789097e-02 9.24833304e-01
31.710000 1.00320162e+00 -7.83949554e-02 9.24806667e-01
31.810000 1.00204957e+00 -7.72271368e-02 9.24822431e-01
31.910000 1.00348430e+00 -7.87051626e-02 9.24779134e-01
32.010000 1.00682570e+00 -8.21323539e-02 9.24693346e-01
32.110000 1.00001327e+00 -7.52961541e-02 9.24717120e-01
32.210000 9.91596557e-01 -6.67349692e-02 9.24861588e-01
32.310000 9.90699482e-01 -6.58611020e-02 9.24838380e-01
32.410000 9.83429548e-01 -5.85781355e-02 9.24851412e-01
32.510000 9.79229413e-01 -5.43783233e-02 9.24851090e-01
32.610000 9.78259010e-01 -5.34109273e-02 9.24848082e-01
32.710000 9.78393895e-01 -5.35443407e-02 9.24849554e-01
32.810000 9.80196950e-01 -5.53479211e-02 9.24849029e-01
32.910000 9.84510809e-01 -5.96587241e-02 9.24852085e-01
33.010000 9.83883072e-01 -5.90619053e-02 9.24821167e-01
33.110000 9.85439485e-01 -6.06000687e-02 9.24839416e-01
33.210000 9.89875025e-01 -6.50364540e-02 9.24838571e-01
33.310000 9.82250431e-01 -5.74109208e-02 9.24839511e-01
33.410000 9.86034147e-01 -6.12053425e-02 9.24828804e-01
33.510000 9.87854661e-01 -6.30009068e-02 9.24853754e-01
33.610000 9.93201030e-01 -6.83883180e-02 9.24812712e-01
33.710000 9.90050664e-01 -6.52331882e-02 9.24817475e-01
33.810000 1.00031846e+00 -7.54815726e-02 9.24836888e-01
33.910000 1.00186954e+00 -7.70321030e-02 9.24837433e-01
34.010000 9.99467716e-01 -7.46092423e-02 9.24858474e-01
34.110000 1.00051783e+00 -7.57012084e-02 9.24816625e-01
34.210000 9.94088046e-01 -6.93281194e-02 9.24759927e-01
34.310000 9.99022113e-01 -7.42150916e-02 9.24807021e-01
34.410000 9.89570231e-01 -6.47328278e-02 9.24837403e-01
34.510000 9.81536127e-01 -5.66957775e-02 9.24840349e-01
34.610000 9.79471671e-01 -5.46209229e-02 9.24850748e-01
34.710000 9.77355432e-01 -5.25050188e-02 9.24850413e-01
34.810000 9.73868091e-01 -4.90332263e-02 9.24834865e-01
34.910000 9.73551377e-01 -4.87218577e-02 9.24829520e-01
35.010000 9.72377072e-01 -4.75290190e-02 9.24848053e-01
35.110000 9.67975873e-01 -4.31209657e-02 9.24854907e-01
35.210000 9.69909995e-01 -4.50574555e-02 9.24852539e-01
35.310000 9.76972613e-01 -5.21315318e-02 9.24841081e-01
35.410000 9.68486318e-01 -4.36030776e-02 9.24883240e-01
35.510000 9.81504601e-01 -5.66930007e-02 9.24811600e-01
35.610000 9.88091920e-01 -6.32415586e-02 9.24850362e-01
35.710000 9.94250744e-01 -6.94019244e-02 9.24848820e-01
35.810000 1.00581828e+00 -8.09984624e-02 9.24819813e-01
35.910000 9.85905113e-01 -6.09128667e-02 9.24992246e-01
36.010000 1.01306914e+00 -8.82362909e-02 9.24832853e-01
36.110000 1.00478033e+00 -7.99385388e-02 9.24841788e-01
36.210000 9.98583365e-01 -7.37756517e-02 9.24807714e-01
36.310000 1.00773576e+00 -8.29641553e-02 9.24771603e-01
36.410000 9.93942944e-01 -6.92612360e-02 9.24681708e-01
36.510000 9.95912581e-01 -7.11002043e-02 9.24812377e-01
36.610000 9.92817528e-01 -6.79764928e-02 9.24841036e-01
36.710000 9.96757072e-01 -7.19396095e-02 9.24817463e-01
36.810000 9.94582873e-01 -6.98626512e-02 9.24720222e-01
36.910000 9.96572957e-01 -7.18412231e-02 9.24731734e-01
37.010000 9.89914580e-01 -6.50505899e-02 9.24863990e-01
37.110000 9.88109144e-01 -6.32678919e-02 9.24841252e-01
37.210000 9.78679888e-01 -5.38247576e-02 9.24855131e-01
37.310000 9.76238505e-01 -5.13963379e-02 9.24842168e-01
37.410000 9.83303928e-01 -5.84494611e-02 9.24854467e-01
37.510000 9.85981683e-01 -6.12435286e-02 9.24738154e-01
37.610000 9.76565917e-01 -5.18635611e-02 9.24702356e-01
37.710000 9.81608500e-01 -5.67519218e-02 9.24856579e-01
37.810000 9.80515962e-01 -5.56660118e-02 9.24849950e-01
37.910000 9.78262125e-01 -5.33992242e-02 9.24862901e-01
38.010000 9.87638780e-01 -6.28560030e-02 9.24782778e-01
38.110000 9.92127209e-01 -6.73577251e-02 9.24769483e-01
38.210000 1.00061747e+00 -7.58196765e-02 9.24797796e-01
38.310000 9.98048034e-01 -7.32667692e-02 9.24781265e-01
38.410000 9.91162447e-01 -6.64376817e-02 9.24724766e-01
38.510000 9.92105435e-01 -6.72574909e-02 9.24847944e-01
38.610000 9.77831970e-01 -5.29722769e-02 9.24859693e-01
38.710000 9.75560060e-01 -5.07106051e-02 9.24849455e-01
38.810000 9.76064396e-01 -5.12141638e-02 9.24850232e-01
38.910000 9.78253162e-01 -5.34067731e-02 9.24846388e-01
39.010000 9.81924499e-01 -5.70701813e-02 9.24854318e-01
39.110000 9.91100146e-01 -6.62719686e-02 9.24828177e-01
39.210000 9.91043188e-01 -6.61922463e-02 9.24850942e-01
39.310000 1.00372626e+00 -7.88662596e-02 9.24860005e-01
39.410000 1.01232880e+00 -8.75285482e-02 9.24800249e-01
39.510000 1.00231897e+00 -7.74563952e-02 9.24862573e-01
39.610000 1.00834499e+00 -8.34944609e-02 9.24850529e-01
39.710000 1.01094299e+00 -8.61933719e-02 9.24749619e-01
39.810000 1.00746820e+00 -8.26770534e-02 9.24791149e-01
39.910000 9.91758352e-01 -6.68615281e-02 9.24896824e-01
40.010000 9.93133830e-01 -6.82884324e-02 9.24845397e-01
40.110000 9.87910200e-01 -6.30608696e-02 9.24849331e-01
40.210000 9.84577810e-01 -5.97220495e-02 9.24855760e-01
40.310000 9.89235672e-01 -6.43902116e-02 9.24845460e-01
40.410000 9.88025439e-01 -6.31603757e-02 9.24865063e-01
40.510000 9.99119761e-01 -7.43281648e-02 9.24791596e-01
40.610000 9.91442360e-01 -6.66178258e-02 9.24824534e-01
40.710000 9.97303816e-01 -7.24717349e-02 9.24832081e-01
40.810000 9.93536974e-01 -6.86850963e-02 9.24851878e-01
40.910000 9.92928123e-01 -6.80913042e-02 9.24836819e-01
41.010000 9.87112858e-01 -6.22482511e-02 9.24864607e-01
41.110000 9.92636947e-01 -6.77958810e-02 9.24841066e-01
41.210000 9.91383881e-01 -6.65738335e-02 9.24810048e-01
41.310000 9.92804275e-01 -6.79972770e-02 9.24806998e-01
41.410000 9.86484842e-01 -6.16274052e-02 9.24857437e-01
41.510000 9.94443158e-01 -6.96082894e-02 9.24834869e-01
41.610000 1.00028421e+00 -7.54301350e-02 9.24854073e-01
41.710000 1.00739225e+00 -8.25850368e-02 9.24807212e-01
41.810000 1.01640809e+00 -9.16164175e-02 9.24791670e-01
41.910000 1.01904875e+00 -9.42627689e-02 9.24785982e-01
42.010000 1.01071854e+00 -8.58866734e-02 9.24831870e-01
42.110000 1.01638296e+00 -9.15353818e-02 9.24847575e-01
42.210000 1.01513117e+00 -9.03011189e-02 9.24830053e-01
42.310000 1.01274121e+00 -8.79075410e-02 9.24833668e-01
42.410000 1.02719513e+00 -1.02386805e-01 9.24808323e-01
42.510000 1.03089955e+00 -1.06186867e-01 9.24712683e-01
42.610000 1.02680321e+00 -1.02079498e-01 9.24723708e-01
42.710000 1.02585319e+00 -1.01058654e-01 9.24794532e-01
42.810000 1.01377262e+00 -8.89591210e-02 9.24813499e-01
42.910000 1.00793810e+00 -8.30922407e-02 9.24845863e-01
43.010000 9.99558199e-01 -7.47079737e-02 9.24850225e-01
43.110000 9.93341826e-01 -6.85026589e-02 9.24839167e-01
43.210000 9.89610818e-01 -6.47670239e-02 9.24843794e-01
43.310000 9.90749304e-01 -6.58994959e-02 9.24849809e-01
43.410000 9.92204937e-01 -6.73603085e-02 9.24844629e-01
43.510000 9.90798386e-01 -6.59406943e-02 9.24857692e-01
43.610000 9.98312301e-01 -7.34851576e-02 9.24827144e-01
43.710000 9.94758092e-01 -6.98798132e-02 9.24878279e-01
43.810000 1.00897027e+00 -8.41346092e-02 9.24835665e-01
43.910000 9.93982339e-01 -6.91561003e-02 9.24826239e-01
44.010000 9.95497243e-01 -7.06867314e-02 9.24810512e-01
44.110000 9.98014394e-01 -7.31640669e-02 9.24850327e-01
44.210000 9.91946612e-01 -6.70915184e-02 9.24855094e-01
44.310000 9.95076061e-01 -7.02319206e-02 9.24844140e-01
44.410000 9.88044302e-01 -6.31585660e-02 9.24885736e-01
44.510000 9.94941112e-01 -7.01533798e-02 9.24787732e-01
44.610000 9.97645189e-01 -7.28331918e-02 9.24811997e-01
44.710000 9.95341180e-01 -7.05167619e-02 9.24824418e-01
44.810000 9.92816341e-01 -6.80378588e-02 9.24778482e-01
44.910000 9.95223841e-01 -7.04115464e-02 9.24812295e-01
45.010000 9.65276258e-01 -3.99549325e-02 9.25321325e-01
45.110000 9.94600848e-01 -6.97508411e-02 9.24850007e-01
45.210000 9.91731072e-01 -6.68653412e-02 9.24865731e-01
45.310000 1.00045238e+00 -7.56318498e-02 9.24820525e-01
45.410000 9.74680730e-01 -4.96245424e-02 9.25056187e-01
45.510000 1.00620111e+00 -8.13822446e-02 9.24818863e-01
45.610000 1.00435202e+00 -7.95135739e-02 9.24838446e-01
45.710000 9.98150645e-01 -7.32695886e-02 9.24881057e-01
45.810000 1.01334647e+00 -8.85493329e-02 9.24797140e-01
45.910000 1.01783538e+00 -9.30431462e-02 9.24792232e-01
46.010000 1.00750950e+00 -8.26503535e-02 9.24859148e-01
46.110000 1.00172125e+00 -7.68588364e-02 9.24862411e-01
46.210000 1.00041855e+00 -7.55853077e-02 9.24833246e-01
46.310000 9.92231359e-01 -6.73824458e-02 9.24848913e-01
46.410000 9.93226425e-01 -6.83828589e-02 9.24843566e-01
46.510000 9.98771396e-01 -7.39453651e-02 9.24826030e-01
46.610000 9.95894170e-01 -7.10330705e-02 9.24861100e-01
46.710000 1.00990560e+00 -8.51302411e-02 9.24775355e-01
46.810000 1.00562480e+00 -8.08665480e-02 9.24758254e-01
46.910000 9.93248743e-01 -6.83634214e-02 9.24885321e-01
47.010000 9.99496180e-01 -7.46696295e-02 9.24826550e-01
47.110000 9.92450871e-01 -6.75870729e-02 9.24863798e-01
47.210000 9.94298324e-01 -6.94706655e-02 9.24827658e-01
47.310000 9.90830740e-01 -6.60031772e-02 9.24827563e-01
47.410000 9.81466716e-01 -5.65848088e-02 9.24881908e-01
47.510000 9.88353975e-01 -6.35202405e-02 9.24833734e-01
47.610000 9.82924369e-01 -5.80704776e-02 9.24853892e-01
47.710000 9.80704101e-01 -5.58740676e-02 9.24830034e-01
47.810000 9.83322884e-01 -5.85086009e-02 9.24814283e-01
47.910000 9.86189350e-01 -6.13424460e-02 9.24846904e-01
48.010000 9.96218133e-01 -7.13674557e-02 9.24850677e-01
48.110000 1.00210138e+00 -7.72956863e-02 9.24805696e-01
48.210000 9.99696186e-01 -7.48679621e-02 9.24828224e-01
48.310000 1.00914074e+00 -8.43048282e-02 9.24835915e-01
48.410000 1.01889531e+00 -9.40932239e-02 9.24802083e-01
48.510000 1.00824237e+00 -8.33617222e-02 9.24880652e-01
48.610000 1.01334334e+00 -8.85137853e-02 9.24829559e-01
48.710000 1.00114732e+00 -7.62949163e-02 9.24852404e-01
48.810000 9.96086183e-01 -7.12485955e-02 9.24837588e-01
48.910000 9.94258265e-01 -6.94106854e-02 9.24847579e-01
49.010000 9.78560594e-01 -5.36987725e-02 9.24861821e-01
49.110000 9.88081888e-01 -6.32553060e-02 9.24826582e-01
49.210000 9.87298632e-01 -6.24515333e-02 9.24847099e-01
49.310000 9.86025829e-01 -6.11705405e-02 9.24855289e-01
49.410000 9.91669466e-01 -6.68254094e-02 9.24844057e-01
49.510000 9.95672320e-01 -7.08243957e-02 9.24847924e-01
49.610000 1.00029444e+00 -7.54450110e-02 9.24849425e-01
49.710000 1.00745739e+00 -8.26105841e-02 9.24846801e-01
49.810000 1.01423655e+00 -8.94009018e-02 9.24835649e-01
49.910000 1.00514515e+00 -8.02630268e-02 9.24882123e-01
50.010000 1.02474751e+00 -9.99421706e-02 9.24805339e-01
50.110000 1.01464688e+00 -8.97963828e-02 9.24850494e-01
50.210000 1.02425935e+00 -9.94900340e-02 9.24769313e-01
50.310000 1.00202267e+00 -7.71347874e-02 9.24887887e-01
50.410000 1.01031608e+00 -8.54734840e-02 9.24842593e-01
50.510000 1.00444466e+00 -7.95935739e-02 9.24851090e-01
50.610000 1.00396173e+00 -7.91081508e-02 9.24853576e-01
50.710000 1.00706533e+00 -8.22913057e-02 9.24774029e-01
50.810000 1.01755718e+00 -9.27806115e-02 9.24776571e-01
50.910000 1.01466610e+00 -8.98645513e-02 9.24801544e-01
51.010000 1.00176156e+00 -7.69320500e-02 9.24829511e-01
51.110000 1.00616023e+00 -8.13159375e-02 9.24844288e-01
51.210000 1.00331907e+00 -7.84528306e-02 9.24866237e-01
51.310000 1.01715068e+00 -9.24114095e-02 9.24739266e-01
51.410000 9.78529777e-01 -5.37761743e-02 9.24753603e-01
51.510000 1.00818159e+00 -8.33823441e-02 9.24799251e-01
51.610000 9.99619100e-01 -7.47728853e-02 9.24846215e-01
51.710000 9.90668325e-01 -6.58887769e-02 9.24779548e-01
51.810000 9.92188174e-01 -6.74317214e-02 9.24756453e-01
51.910000 9.94671078e-01 -6.98623881e-02 9.24808690e-01
52.010000 9.95162737e-01 -7.03523821e-02 9.24810354e-01
52.110000 9.94400192e-01 -6.95863146e-02 9.24813878e-01
52.210000 9.94505879e-01 -6.97060362e-02 9.24799843e-01
52.310000 9.90287399e-01 -6.54382027e-02 9.24849197e-01
52.410000 9.87155038e-01 -6.23162961e-02 9.24838742e-01
52.510000 9.88475028e-01 -6.36338016e-02 9.24841226e-01
52.610000 9.88745604e-01 -6.38962702e-02 9.24849333e-01
52.710000 9.90989488e-01 -6.61379689e-02 9.24851519e-01
52.810000 9.96843942e-01 -7.20291515e-02 9.24814791e-01
52.910000 1.00040142e+00 -7.56090238e-02 9.24792397e-01
53.010000 1.01157701e+00 -8.67677985e-02 9.24809215e-01
53.110000 1.01096988e+00 -8.62265458e-02 9.24743339e-01
53.210000 1.00479120e+00 -7.99763854e-02 9.24814815e-01
53.310000 1.00655067e+00 -8.17103181e-02 9.24840354e-01
53.410000 9.99275694e-01 -7.44446179e-02 9.24831076e-01
53.510000 9.91763958e-01 -6.69196601e-02 9.24844298e-01
53.610000 9.97314526e-01 -7.24866042e-02 9.24827922e-01
53.710000 9.93889231e-01 -6.90654202e-02 9.24823810e-01
53.810000 9.92654230e-01 -6.78112095e-02 9.24843021e-01
53.910000 9.95539524e-01 -7.07010049e-02 9.24838519e-01
54.010000 9.90687286e-01 -6.58384048e-02 9.24848881e-01
54.110000 9.86803378e-01 -6.19362045e-02 9.24867173e-01
54.210000 9.90895129e-01 -6.60467235e-02 9.24848406e-01
54.310000 9.88897076e-01 -6.40498289e-02 9.24847247e-01
54.410000 9.86782643e-01 -6.19397428e-02 9.24842900e-01
54.510000 9.81372775e-01 -5.64977061e-02 9.24875069e-01
54.610000 9.93207670e-01 -6.83656689e-02 9.24842002e-01
54.710000 9.93825403e-01 -6.90110280e-02 9.24814375e-01
54.810000 1.00487423e+00 -8.00711644e-02 9.24803061e-01
54.910000 1.00756844e+00 -8.27903010e-02 9.24778137e-01
55.010000 1.01424166e+00 -8.94849346e-02 9.24756721e-01
55.110000 1.01329380e+00 -8.85166483e-02 9.24777149e-01
55.210000 1.01135381e+00 -8.65220826e-02 9.24831731e-01
55.310000 1.01098034e+00 -8.61078146e-02 9.24872525e-01
55.410000 1.02252563e+00 -9.76861188e-02 9.24839514e-01
55.510000 1.02818198e+00 -1.03388154e-01 9.24793826e-01
55.610000 1.01274849e+00 -8.79456003e-02 9.24802887e-01
55.710000 1.02811787e+00 -1.03291459e-01 9.24826408e-01
55.810000 1.01149762e+00 -8.66254130e-02 9.24872205e-01
55.910000 1.01802564e+00 -9.31929700e-02 9.24832666e-01
56.010000 1.01075288e+00 -8.59310024e-02 9.24821877e-01
56.110000 1.00906998e+00 -8.42631025e-02 9.24806881e-01
56.210000 1.00930097e+00 -8.44460862e-02 9.24854888e-01
56.310000 1.00765006e+00 -8.28375552e-02 9.24812501e-01
56.410000 1.00590375e+00 -8.10903255e-02 9.24813420e-01
56.510000 1.00190885e+00 -7.70813269e-02 9.24827522e-01
56.610000 1.00255188e+00 -7.77430105e-02 9.24808874e-01
56.710000 9.96246820e-01 -7.14209637e-02 9.24825857e-01
56.810000 1.00063670e+00 -7.58161080e-02 9.24820595e-01
56.910000 9.98627295e-01 -7.37977330e-02 9.24829562e-01
57.010000 9.97995248e-01 -7.31749608e-02 9.24820287e-01
57.110000 1.00020590e+00 -7.53546837e-02 9.24851213e-01
57.210000 1.00424028e+00 -7.94082799e-02 9.24832004e-01
57.310000 9.93730471e-01 -6.88430134e-02 9.24887458e-01
57.410000 1.00358231e+00 -7.87343718e-02 9.24847938e-01
57.510000 1.00518669e+00 -8.03904700e-02 9.24796221e-01
57.610000 9.92287455e-01 -6.74644941e-02 9.24822961e-01
57.710000 1.00059379e+00 -7.57526106e-02 9.24841179e-01
57.810000 9.96081948e-01 -7.12308888e-02 9.24851059e-01
57.910000 9.96388380e-01 -7.15683276e-02 9.24820052e-01
58.010000 9.94260501e-01 -6.94249862e-02 9.24835514e-01
58.110000 1.00001589e+00 -7.51802087e-02 9.24835680e-01
58.210000 9.92907925e-01 -6.80437816e-02 9.24864143e-01
58.310000 9.96656695e-01 -7.18224473e-02 9.24834247e-01
58.410000 9.92174671e-01 -6.73141059e-02 9.24860565e-01
58.510000 9.98814050e-01 -7.39683924e-02 9.24845657e-01
58.610000 9.86991074e-01 -6.20690574e-02 9.24922017e-01
58.710000 9.97411799e-01 -7.25058266e-02 9.24905973e-01
58.810000 1.02010920e+00 -9.52995291e-02 9.24809669e-01
58.910000 9.95718906e-01 -7.09315227e-02 9.24787383e-01
59.010000 1.02023369e+00 -9.54820729e-02 9.24751618e-01
59.110000 9.90515868e-01 -6.57477733e-02 9.24768095e-01
59.210000 1.00277446e+00 -7.79465942e-02 9.24827863e-01
59.310000 9.94615769e-01 -6.97632827e-02 9.24852486e-01
59.410000 9.88320306e-01 -6.34786339e-02 9.24841672e-01
59.510000 9.87899760e-01 -6.32279171e-02 9.24671843e-01
59.610000 9.91550851e-01 -6.67746529e-02 9.24776198e-01
59.710000 9.84111218e-01 -5.92554154e-02 9.24855802e-01
59.810000 9.82610821e-01 -5.77677688e-02 9.24843053e-01
59.910000 9.82401171e-01 -5.75529759e-02 9.24848195e-01
60.010000 9.82870830e-01 -5.80063035e-02 9.24864526e-01
60.110000 9.94194313e-01 -6.93593989e-02 9.24834914e-01
60.210000 9.85368676e-01 -6.05507517e-02 9.24817924e-01
60.310000 9.96801697e-01 -7.20155285e-02 9.24786169e-01
60.410000 9.97902121e-01 -7.30465632e-02 9.24855557e-01
60.510000 9.98850100e-01 -7.40553877e-02 9.24794712e-01
60.610000 1.00036424e+00 -7.55622819e-02 9.24801963e-01
60.710000 9.84844207e-01 -5.98120360e-02 9.25032171e-01
60.810000 1.00660520e+00 -8.17531750e-02 9.24852029e-01
60.910000 1.00517064e+00 -8.03247568e-02 9.24845880e-01
61.010000 1.00309633e+00 -7.82543537e-02 9.24841977e-01
61.110000 1.00922360e+00 -8.44223133e-02 9.24801284e-01
61.210000 1.01089432e+00 -8.60947585e-02 9.24799565e-01
61.310000 1.02144931e+00 -9.66562618e-02 9.24793046e-01
61.410000 1.01421310e+00 -8.93979649e-02 9.24815137e-01
61.510000 1.02208112e+00 -9.72492447e-02 9.24831871e-01
61.610000 1.01711927e+00 -9.22901748e-02 9.24829097e-01
61.710000 1.01363567e+00 -8.88280053e-02 9.24807669e-01
61.810000 1.01287601e+00 -8.80582685e-02 9.24817743e-01
61.910000 9.96954195e-01 -7.20435208e-02 9.24910675e-01
62.010000 1.01564070e+00 -9.08272900e-02 9.24813412e-01
62.110000 1.00742746e+00 -8.25880610e-02 9.24839398e-01
62.210000 1.00662758e+00 -8.18120483e-02 9.24815534e-01
62.310000 9.94961957e-01 -7.00600810e-02 9.24901876e-01
62.410000 1.00022087e+00 -7.53710438e-02 9.24849828e-01
62.510000 9.90615454e-01 -6.58565252e-02 9.24758929e-01
62.610000 9.94197000e-01 -6.93944538e-02 9.24802546e-01
62.710000 9.89025946e-01 -6.41892061e-02 9.24836740e-01
62.810000 9.85058467e-01 -6.02296679e-02 9.24828799e-01
62.910000 9.85667764e-01 -6.08318452e-02 9.24835918e-01
63.010000 9.83886971e-01 -5.90402125e-02 9.24846759e-01
63.110000 9.82856272e-01 -5.80021376e-02 9.24854135e-01
63.210000 9.88830663e-01 -6.39879072e-02 9.24842756e-01
63.310000 9.88642894e-01 -6.37918986e-02 9.24850996e-01
63.410000 9.97765356e-01 -7.29481233e-02 9.24817232e-01
63.510000 9.97682230e-01 -7.28159007e-02 9.24866330e-01
63.610000 1.01415779e+00 -8.93358797e-02 9.24821911e-01
63.710000 9.87118413e-01 -6.21537110e-02 9.24964702e-01
63.810000 1.01096454e+00 -8.61232620e-02 9.24841273e-01
63.910000 1.01332865e+00 -8.84831914e-02 9.24845458e-01
64.010000 1.01572477e+00 -9.09018926e-02 9.24822880e-01
64.110000 1.00719503e+00 -8.23392996e-02 9.24855732e-01
64.210000 1.02306579e+00 -9.82498734e-02 9.24815917e-01
64.310000 1.02444225e+00 -9.96040227e-02 9.24838224e-01
64.410000 1.01019449e+00 -8.53154785e-02 9.24879015e-01
64.510000 1.01176177e+00 -8.68761728e-02 9.24885597e-01
64.610000 1.02543721e+00 -1.00670008e-01 9.24767203e-01
64.710000 9.94220092e-01 -6.93993676e-02 9.24820725e-01
64.810000 1.00517347e+00 -8.03379095e-02 9.24835560e-01
64.910000 9.98789419e-01 -7.39325486e-02 9.24856871e-01
65.010000 9.97887895e-01 -7.30813000e-02 9.24806595e-01
65.110000 1.00862900e+00 -8.38282030e-02 9.24800801e-01
65.210000 1.01655994e+00 -9.17353984e-02 9.24824542e-01
65.310000 1.01113593e+00 -8.62913984e-02 9.24844532e-01
65.410000 1.02342134e+00 -9.85703283e-02 9.24851014e-01
65.510000 1.01797106e+00 -9.31497548e-02 9.24821305e-01
65.610000 1.02110105e+00 -9.63123593e-02 9.24788690e-01
65.710000 1.01156057e+00 -8.67606504e-02 9.24799923e-01
65.810000 1.01386791e+00 -8.90607162e-02 9.24807195e-01
65.910000 1.00973348e+00 -8.48836267e-02 9.24849850e-01
66.010000 1.01629155e+00 -9.14712965e-02 9.24820254e-01
66.110000 9.95309993e-01 -7.04312415e-02 9.24878751e-01
66.210000 1.02351182e+00 -9.86959110e-02 9.24815909e-01
66.310000 1.00334818e+00 -7.84994749e-02 9.24848707e-01
66.410000 1.00361571e+00 -7.87890237e-02 9.24826684e-01
66.510000 1.00464809e+00 -7.98086387e-02 9.24839454e-01
66.610000 9.88853117e-01 -6.39847446e-02 9.24868373e-01
66.710000 9.99913596e-01 -7.50801511e-02 9.24833445e-01
66.810000 1.00119966e+00 -7.63978745e-02 9.24801788e-01
66.910000 1.00031706e+00 -7.55504808e-02 9.24766575e-01
67.010000 1.01100302e+00 -8.61581600e-02 9.24844862e-01
67.110000 1.01102065e+00 -8.61898231e-02 9.24830829e-01
67.210000 1.01437120e+00 -8.95453776e-02 9.24825821e-01
67.310000 1.02180256e+00 -9.69526153e-02 9.24849940e-01
67.410000 1.02466056e+00 -9.98317042e-02 9.24828851e-01
67.510000 1.02814976e+00 -1.03447320e-01 9.24702440e-01
67.610000 1.03078003e+00 -1.06056260e-01 9.24723773e-01
67.710000 1.03381655e+00 -1.08989726e-01 9.24826821e-01
67.810000 1.02926467e+00 -1.04420350e-01 9.24844317e-01
67.910000 1.03398722e+00 -1.09153317e-01 9.24833908e-01
68.010000 1.03317993e+00 -1.08361541e-01 9.24818394e-01
68.110000 1.02952793e+00 -1.04715719e-01 9.24812209e-01
68.210000 1.03469881e+00 -1.09920675e-01 9.24778138e-01
68.310000 1.03744153e+00 -1.12623055e-01 9.24818474e-01
68.410000 1.01734661e+00 -9.25011288e-02 9.24845482e-01
68.510000 1.02211895e+00 -9.72917643e-02 9.24827191e-01
68.610000 1.01460114e+00 -8.97478098e-02 9.24853331e-01
68.710000 1.00940558e+00 -8.45492190e-02 9.24856356e-01
68.810000 1.01172521e+00 -8.69180394e-02 9.24807170e-01
68.910000 1.01575164e+00 -9.09360479e-02 9.24815593e-01
69.010000 1.00394328e+00 -7.90611727e-02 9.24882109e-01
69.110000 1.00911116e+00 -8.42710691e-02 9.24840094e-01
69.210000 1.00549271e+00 -8.06639510e-02 9.24828761e-01
69.310000 1.00213478e+00 -7.73076527e-02 9.24827129e-01
69.410000 1.00651513e+00 -8.16672825e-02 9.24847848e-01
69.510000 1.00672102e+00 -8.18684003e-02 9.24852623e-01
69.610000 1.01490679e+00 -9.01012792e-02 9.24805512e-01
69.710000 1.01048807e+00 -8.56649821e-02 9.24823083e-01
69.810000 1.01822673e+00 -9.34656942e-02 9.24761033e-01
69.910000 1.01806879e+00 -9.33496537e-02 9.24719139e-01
70.010000 1.01038248e+00 -8.56033451e-02 9.24779139e-01
70.110000 1.01061200e+00 -8.57596277e-02 9.24852374e-01
70.210000 1.01169911e+00 -8.68518203e-02 9.24847286e-01
70.310000 1.01667140e+00 -9.18309895e-02 9.24840407e-01
70.410000 1.00437212e+00 -7.94756171e-02 9.24896502e-01
70.510000 1.02175361e+00 -9.69617376e-02 9.24791870e-01
70.610000 1.01677808e+00 -9.19671785e-02 9.24810901e-01
70.710000 1.01128587e+00 -8.65142886e-02 9.24771581e-01
70.810000 1.02054777e+00 -9.57456035e-02 9.24802169e-01
70.910000 1.02509296e+00 -1.00226994e-01 9.24865968e-01
71.010000 1.02507880e+00 -1.00331899e-01 9.24746898e-01
71.110000 1.02472970e+00 -1.00106146e-01 9.24623555e-01
71.210000 1.02249139e+00 -9.77007619e-02 9.24790628e-01
71.310000 1.01746810e+00 -9.26119865e-02 9.24856111e-01
71.410000 1.01548732e+00 -9.06247252e-02 9.24862594e-01
71.510000 9.99683552e-01 -7.49745618e-02 9.24708990e-01
71.610000 1.04049345e+00 -1.15721343e-01 9.24772109e-01
71.710000 1.02583359e+00 -1.00928081e-01 9.24905511e-01
71.810000 1.02925253e+00 -1.04452625e-01 9.24799902e-01
71.910000 1.02429849e+00 -9.95022482e-02 9.24796238e-01
72.010000 1.01359283e+00 -8.87179366e-02 9.24874889e-01
72.110000 1.01332600e+00 -8.84970773e-02 9.24828923e-01
72.210000 1.00141300e+00 -7.65527052e-02 9.24860293e-01
72.310000 9.97872545e-01 -7.30354413e-02 9.24837103e-01
72.410000 1.00317080e+00 -7.83165047e-02 9.24854295e-01
72.510000 1.00443226e+00 -7.95851541e-02 9.24847105e-01
72.610000 1.00427023e+00 -7.94357129e-02 9.24834517e-01
72.710000 1.00785636e+00 -8.30308596e-02 9.24825500e-01
72.810000 1.01355916e+00 -8.87060434e-02 9.24853112e-01
72.910000 9.97584297e-01 -7.25232397e-02 9.25061057e-01
73.010000 1.01487020e+00 -9.00302788e-02 9.24839921e-01
73.110000 1.01133917e+00 -8.65193190e-02 9.24819852e-01
73.210000 1.01159971e+00 -8.67428597e-02 9.24856846e-01
73.310000 1.01208845e+00 -8.72499678e-02 9.24838486e-01
73.410000 1.00869141e+00 -8.38574735e-02 9.24833933e-01
73.510000 1.00373431e+00 -7.88816736e-02 9.24852634e-01
73.610000 1.00586519e+00 -8.10183998e-02 9.24846794e-01
73.710000 1.00531843e+00 -8.05296343e-02 9.24788796e-01
73.810000 1.00108113e+00 -7.63080556e-02 9.24773071e-01
73.910000 1.00428745e+00 -7.94366573e-02 9.24850796e-01
74.010000 1.00467384e+00 -7.98141223e-02 9.24859714e-01
74.110000 1.02273448e+00 -9.79122839e-02 9.24822194e-01
74.210000 1.02625317e+00 -1.01558129e-01 9.24695038e-01
74.310000 1.02045635e+00 -9.57593421e-02 9.24697005e-01
74.410000 1.02713342e+00 -1.02278447e-01 9.24854974e-01
74.510000 1.02090144e+00 -9.60603821e-02 9.24841057e-01
74.610000 1.01738453e+00 -9.25168565e-02 9.24867675e-01
74.710000 1.02648570e+00 -1.01674227e-01 9.24811469e-01
74.810000 1.03142996e+00 -1.06608405e-01 9.24821552e-01
74.910000 1.03702284e+00 -1.12216007e-01 9.24806834e-01
75.010000 1.03984341e+00 -1.15050552e-01 9.24792859e-01
75.110000 1.02558436e+00 -1.00775839e-01 9.24808522e-01
75.210000 1.01933968e+00 -9.45359878e-02 9.24803695e-01
75.310000 1.00050886e+00 -7.56204827e-02 9.24888382e-01
75.410000 9.94251499e-01 -6.94067602e-02 9.24844739e-01
75.510000 9.88119553e-01 -6.32620554e-02 9.24857497e-01
75.610000 9.92188192e-01 -6.73539890e-02 9.24834203e-01
75.710000 9.88408937e-01 -6.35226316e-02 9.24886306e-01
75.810000 1.00502907e+00 -8.01863986e-02 9.24842670e-01
75.910000 9.97092437e-01 -7.23751159e-02 9.24717321e-01
76.010000 1.00872458e+00 -8.39095365e-02 9.24815045e-01
76.110000 1.00349627e+00 -7.88074253e-02 9.24688847e-01
76.210000 1.00513830e+00 -8.03972714e-02 9.24741028e-01
76.310000 9.93049920e-01 -6.81997515e-02 9.24850169e-01
76.410000 9.89977508e-01 -6.51350117e-02 9.24842496e-01
76.510000 9.90249991e-01 -6.54442477e-02 9.24805744e-01
76.610000 9.91465445e-01 -6.66949943e-02 9.24770451e-01
76.710000 9.85459476e-01 -6.06271421e-02 9.24832334e-01
76.810000 9.89229806e-01 -6.43981591e-02 9.24831646e-01
76.910000 9.79424685e-01 -5.45480342e-02 9.24876651e-01
77.010000 9.81772398e-01 -5.69330237e-02 9.24839374e-01
77.110000 9.73695323e-01 -4.88297135e-02 9.24865610e-01
77.210000 9.78946609e-01 -5.41016456e-02 9.24844964e-01
77.310000 9.85099203e-01 -6.02681019e-02 9.24831101e-01
77.410000 9.70263893e-01 -4.53292369e-02 9.24934656e-01
77.510000 9.91004432e-01 -6.61674384e-02 9.24836993e-01
77.610000 9.91232817e-01 -6.63802714e-02 9.24852545e-01
77.710000 9.97009635e-01 -7.21622573e-02 9.24847378e-01
77.810000 1.00996603e+00 -8.52003728e-02 9.24765660e-01
77.910000 1.00660766e+00 -8.19436198e-02 9.24664038e-01
78.010000 1.00292490e+00 -7.80689050e-02 9.24855998e-01
78.110000 1.01468689e+00 -8.98607581e-02 9.24826128e-01
78.210000 1.01424467e+00 -8.94249470e-02 9.24819725e-01
78.310000 1.01499848e+00 -9.01908676e-02 9.24807612e-01
78.410000 1.00807155e+00 -8.32107362e-02 9.24860817e-01
78.510000 1.02300414e+00 -9.81983686e-02 9.24805776e-01
78.610000 1.01908861e+00 -9.42466962e-02 9.24841912e-01
78.710000 1.02349615e+00 -9.87002339e-02 9.24795912e-01
78.810000 1.01741717e+00 -9.26471265e-02 9.24770042e-01
78.910000 1.02522206e+00 -1.00390601e-01 9.24831458e-01
79.010000 1.02608378e+00 -1.01225027e-01 9.24858755e-01
79.110000 1.02727993e+00 -1.02476525e-01 9.24803406e-01
79.210000 1.02966160e+00 -1.04842253e-01 9.24819346e-01
79.310000 1.01739116e+00 -9.26520490e-02 9.24739113e-01
79.410000 1.02588357e+00 -1.01097105e-01 9.24786466e-01
79.510000 1.01231233e+00 -8.75059119e-02 9.24806417e-01
79.610000 1.01221043e+00 -8.73846480e-02 9.24825785e-01
79.710000 9.99088455e-01 -7.42995291e-02 9.24788926e-01
79.810000 1.00135158e+00 -7.65384237e-02 9.24813158e-01
79.910000 1.00117292e+00 -7.63204805e-02 9.24852435e-01
80.010000 1.00159067e+00 -7.67602301e-02 9.24830442e-01
80.110000 1.00345947e+00 -7.86032200e-02 9.24856245e-01
80.210000 1.01429379e+00 -8.94950452e-02 9.24798741e-01
80.310000 1.00996380e+00 -8.51656842e-02 9.24798118e-01
80.410000 1.00647811e+00 -8.15934772e-02 9.24884636e-01
80.510000 1.00962400e+00 -8.48159187e-02 9.24808078e-01
80.610000 1.00828488e+00 -8.34791856e-02 9.24805698e-01
80.710000 1.00889228e+00 -8.40775279e-02 9.24814750e-01
80.810000 9.92871306e-01 -6.82460405e-02 9.24625265e-01
80.910000 9.99971887e-01 -7.52267487e-02 9.24745139e-01
81.010000 9.86924024e-01 -6.20638767e-02 9.24860147e-01
81.110000 9.83453976e-01 -5.85952460e-02 9.24858730e-01
81.210000 9.88790640e-01 -6.40092601e-02 9.24781379e-01
81.310000 9.75505870e-01 -5.06997334e-02 9.24806136e-01
81.410000 9.87232983e-01 -6.23669061e-02 9.24866077e-01
81.510000 9.86853670e-01 -6.20105672e-02 9.24843103e-01
81.610000 9.82845076e-01 -5.79962894e-02 9.24848787e-01
81.710000 9.84058809e-01 -5.92076092e-02 9.24851200e-01
81.810000 9.91125807e-01 -6.62841011e-02 9.24841706e-01
81.910000 9.89593502e-01 -6.47319706e-02 9.24861532e-01
82.010000 9.99718759e-01 -7.48758648e-02 9.24842894e-01
82.110000 1.00638873e+00 -8.15499851e-02 9.24838749e-01
82.210000 1.00834405e+00 -8.34841834e-02 9.24859865e-01
82.310000 1.01777306e+00 -9.29570888e-02 9.24815976e-01
82.410000 1.01289892e+00 -8.80719957e-02 9.24826924e-01
82.510000 1.00889220e+00 -8.40720231e-02 9.24820180e-01
82.610000 1.01803802e+00 -9.32019469e-02 9.24836076e-01
82.710000 9.97069831e-01 -7.21481042e-02 9.24921726e-01
82.810000 1.00661673e+00 -8.17728190e-02 9.24843911e-01
82.910000 1.00081384e+00 -7.59654803e-02 9.24848358e-01
83.010000 9.99961188e-01 -7.51132554e-02 9.24847932e-01
83.110000 1.00352560e+00 -7.86869144e-02 9.24838688e-01
83.210000 9.99465661e-01 -7.46003126e-02 9.24865349e-01
83.310000 1.00117480e+00 -7.63095197e-02 9.24865278e-01
83.410000 9.98132833e-01 -7.32330994e-02 9.24899734e-01
83.510000 9.96812825e-01 -7.19656063e-02 9.24847219e-01
83.610000 9.97003480e-01 -7.21689880e-02 9.24834492e-01
83.710000 9.93674794e-01 -6.88216618e-02 9.24853132e-01
83.810000 9.95293289e-01 -7.04450075e-02 9.24848281e-01
83.910000 9.87600328e-01 -6.27239063e-02 9.24876421e-01
84.010000 1.00077517e+00 -7.59576659e-02 9.24817503e-01
84.110000 1.00074915e+00 -7.58899326e-02 9.24859220e-01
84.210000 1.00263375e+00 -7.77922805e-02 9.24841467e-01
84.310000 1.01150876e+00 -8.66820520e-02 9.24826707e-01
84.410000 1.01654266e+00 -9.17456626e-02 9.24796998e-01
84.510000 1.01170503e+00 -8.69047921e-02 9.24800240e-01
84.610000 1.00603729e+00 -8.11775607e-02 9.24859726e-01
84.710000 1.00589967e+00 -8.10710579e-02 9.24828613e-01
84.810000 1.00315270e+00 -7.83057546e-02 9.24846950e-01
84.910000 9.96592428e-01 -7.17377002e-02 9.24854728e-01
85.010000 1.00255611e+00 -7.77160092e-02 9.24840102e-01
85.110000 1.01057058e+00 -8.57226568e-02 9.24847921e-01
85.210000 1.02065316e+00 -9.59511506e-02 9.24702007e-01
85.310000 1.02548252e+00 -1.00860632e-01 9.24621885e-01
85.410000 1.01668617e+00 -9.17708162e-02 9.24915356e-01
85.510000 1.02326658e+00 -9.85279266e-02 9.24738651e-01
85.610000 1.02251059e+00 -9.76421709e-02 9.24868416e-01
85.710000 1.02050952e+00 -9.56604115e-02 9.24849108e-01
85.810000 1.01180686e+00 -8.70381007e-02 9.24768762e-01
85.910000 1.01590599e+00 -9.11484919e-02 9.24757495e-01
86.010000 1.00290156e+00 -7.80530213e-02 9.24848534e-01
86.110000 9.93941536e-01 -6.90859992e-02 9.24855537e-01
86.210000 9.97869008e-01 -7.30263322e-02 9.24842676e-01
86.310000 9.90984058e-01 -6.61432130e-02 9.24840845e-01
86.410000 9.87781703e-01 -6.29314058e-02 9.24850298e-01
86.510000 9.94119446e-01 -6.92842041e-02 9.24835242e-01
86.610000 9.80921538e-01 -5.60037191e-02 9.24917819e-01
86.710000 9.91450623e-01 -6.66123209e-02 9.24838303e-01
86.810000 9.85703475e-01 -6.08328336e-02 9.24870641e-01
86.910000 9.93326299e-01 -6.85555516e-02 9.24770748e-01
87.010000 9.92647948e-01 -6.78980338e-02 9.24749914e-01
87.110000 9.96010839e-01 -7.11551815e-02 9.24855657e-01
87.210000 9.98182898e-01 -7.33613491e-02 9.24821548e-01
87.310000 9.94122071e-01 -6.92769470e-02 9.24845124e-01
87.410000 1.00442972e+00 -7.95924207e-02 9.24837298e-01
87.510000 1.00660092e+00 -8.17836182e-02 9.24817304e-01
87.610000 1.02148561e+00 -9.68595517e-02 9.24626061e-01
87.710000 1.02477157e+00 -9.99651823e-02 9.24806392e-01
87.810000 1.02466602e+00 -9.98358247e-02 9.24830197e-01
87.910000 1.02750030e+00 -1.02704043e-01 9.24796260e-01
88.010000 1.01667951e+00 -9.19136483e-02 9.24765859e-01
88.110000 1.01191880e+00 -8.71221994e-02 9.24796600e-01
88.210000 1.00963690e+00 -8.47940916e-02 9.24842810e-01
88.310000 1.00071908e+00 -7.59104164e-02 9.24808663e-01
88.410000 9.99300815e-01 -7.44822675e-02 9.24818547e-01
88.510000 1.00369618e+00 -7.88465257e-02 9.24849656e-01
88.610000 1.00915398e+00 -8.43088655e-02 9.24845113e-01
88.710000 1.00802577e+00 -8.32181276e-02 9.24807641e-01
88.810000 1.01329467e+00 -8.85481546e-02 9.24746512e-01
88.910000 1.01349599e+00 -8.86336850e-02 9.24862305e-01
89.010000 1.01528935e+00 -9.04957140e-02 9.24793639e-01
89.110000 1.00810773e+00 -8.33509743e-02 9.24756752e-01
89.210000 1.00569097e+00 -8.08245660e-02 9.24866401e-01
89.310000 1.00790438e+00 -8.30655864e-02 9.24838789e-01
89.410000 1.00484478e+00 -7.99736638e-02 9.24871117e-01
89.510000 1.01207850e+00 -8.72493045e-02 9.24829198e-01
89.610000 1.01303353e+00 -8.82007723e-02 9.24832755e-01
89.710000 1.00070327e+00 -7.58080485e-02 9.24895224e-01
89.810000 1.00635556e+00 -8.15132713e-02 9.24842290e-01
89.910000 1.00498131e+00 -8.01413104e-02 9.24839996e-01
90.010000 9.99313136e-01 -7.44573853e-02 9.24855751e-01
90.110000 9.97842279e-01 -7.30478725e-02 9.24794406e-01
90.210000 1.00025460e+00 -7.54601082e-02 9.24794491e-01
90.310000 1.00127589e+00 -7.64184580e-02 9.24857427e-01
90.410000 1.00756799e+00 -8.27267236e-02 9.24841266e-01
90.510000 1.00583937e+00 -8.09678843e-02 9.24871485e-01
90.610000 1.02022084e+00 -9.53867368e-02 9.24834108e-01
90.710000 9.95861391e-01 -7.10545765e-02 9.24806814e-01
90.810000 1.01925671e+00 -9.44383680e-02 9.24818346e-01
90.910000 1.01295621e+00 -8.81055540e-02 9.24850656e-01
91.010000 1.01034017e+00 -8.54866299e-02 9.24853541e-01
91.110000 1.01056841e+00 -8.57648942e-02 9.24803515e-01
91.210000 1.01413294e+00 -8.93414912e-02 9.24791450e-01
91.310000 1.01595030e+00 -9.11057604e-02 9.24844538e-01
91.410000 1.00962069e+00 -8.47673861e-02 9.24853304e-01
91.510000 1.01541082e+00 -9.05767405e-02 9.24834078e-01
91.610000 1.01848977e+00 -9.36745979e-02 9.24815173e-01
91.710000 1.00429818e+00 -7.94465603e-02 9.24851623e-01
91.810000 1.02176522e+00 -9.69257721e-02 9.24839447e-01
91.910000 1.02446819e+00 -9.96091962e-02 9.24858989e-01
92.010000 1.03069502e+00 -1.06067932e-01 9.24627087e-01
92.110000 1.03179760e+00 -1.07024078e-01 9.24773519e-01
92.210000 1.03542390e+00 -1.10594488e-01 9.24829408e-01
92.310000 1.02881066e+00 -1.03979795e-01 9.24830866e-01
92.410000 1.02475218e+00 -9.99231749e-02 9.24829007e-01
92.510000 1.02469827e+00 -9.98467764e-02 9.24851494e-01
92.610000 1.02529053e+00 -1.00467587e-01 9.24822943e-01
92.710000 1.01689439e+00 -9.20024134e-02 9.24891976e-01
92.810000 1.03663817e+00 -1.11849863e-01 9.24788304e-01
92.910000 1.02333379e+00 -9.84803256e-02 9.24853463e-01
93.010000 1.03603876e+00 -1.11221567e-01 9.24817194e-01
93.110000 1.01637930e+00 -9.14723417e-02 9.24906960e-01
93.210000 1.02414378e+00 -9.93484211e-02 9.24795361e-01
93.310000 1.01238427e+00 -8.75674444e-02 9.24816829e-01
93.410000 1.01688438e+00 -9.20581201e-02 9.24826263e-01
93.510000 1.01102302e+00 -8.61622076e-02 9.24860808e-01
93.610000 1.01962253e+00 -9.47902784e-02 9.24832256e-01
93.710000 1.01259680e+00 -8.77430011e-02 9.24853802e-01
93.810000 1.02654888e+00 -1.01750951e-01 9.24797928e-01
93.910000 1.01422309e+00 -8.93131739e-02 9.24909920e-01
94.010000 1.02276662e+00 -9.79493924e-02 9.24817227e-01
94.110000 1.02384496e+00 -9.89986591e-02 9.24846302e-01
94.210000 1.02132002e+00 -9.65499937e-02 9.24770025e-01
94.310000 1.01701651e+00 -9.23034950e-02 9.24713013e-01
94.410000 1.02243119e+00 -9.76320358e-02 9.24799159e-01
94.510000 1.01710805e+00 -9.24067063e-02 9.24701342e-01
94.610000 1.01844715e+00 -9.36086295e-02 9.24838525e-01
94.710000 9.93964613e-01 -6.89647650e-02 9.24999848e-01
94.810000 1.00438028e+00 -7.95222909e-02 9.24857984e-01
94.910000 1.00835300e+00 -8.35284787e-02 9.24824522e-01
95.010000 1.00844455e+00 -8.35996300e-02 9.24844922e-01
95.110000 1.02143976e+00 -9.66214975e-02 9.24818260e-01
95.210000 9.82875281e-01 -5.76939218e-02 9.25181359e-01
95.310000 1.03097696e+00 -1.06185747e-01 9.24791217e-01
95.410000 1.01130539e+00 -8.64451880e-02 9.24860200e-01
95.510000 1.02554652e+00 -1.00713946e-01 9.24832574e-01
95.610000 9.96759186e-01 -7.17473011e-02 9.25011885e-01
95.710000 1.01313442e+00 -8.82908779e-02 9.24843541e-01
95.810000 1.01125508e+00 -8.63998209e-02 9.24855255e-01
95.910000 1.00618663e+00 -8.13987651e-02 9.24787862e-01
96.010000 1.01053090e+00 -8.57158953e-02 9.24815001e-01
96.110000 1.01893954e+00 -9.41397962e-02 9.24799748e-01
96.210000 1.01519940e+00 -9.04170391e-02 9.24782364e-01
96.310000 9.99377050e-01 -7.44484853e-02 9.24928564e-01
96.410000 1.00420558e+00 -7.93803887e-02 9.24825188e-01
96.510000 9.99578496e-01 -7.47484860e-02 9.24830010e-01
96.610000 9.93298923e-01 -6.84514659e-02 9.24847458e-01
96.710000 9.93323461e-01 -6.84886527e-02 9.24834809e-01
96.810000 9.88068506e-01 -6.31854635e-02 9.24883042e-01
96.910000 9.98695257e-01 -7.38573034e-02 9.24837953e-01
97.010000 9.94126566e-01 -6.93369684e-02 9.24789598e-01
97.110000 9.98629132e-01 -7.38199201e-02 9.24809212e-01
97.210000 1.00672096e+00 -8.18896964e-02 9.24831266e-01
97.310000 9.86690679e-01 -6.17485286e-02 9.24942150e-01
97.410000 1.00545387e+00 -8.06204089e-02 9.24833459e-01
97.510000 1.01419931e+00 -8.93649411e-02 9.24834373e-01
97.610000 1.01672466e+00 -9.18769128e-02 9.24847744e-01
97.710000 1.03063499e+00 -1.05910436e-01 9.24724559e-01
97.810000 1.02905026e+00 -1.04403441e-01 9.24646822e-01
97.910000 1.02593961e+00 -1.01073039e-01 9.24866575e-01
98.010000 1.00781568e+00 -8.29017442e-02 9.24913941e-01
98.110000 1.00774561e+00 -8.29097519e-02 9.24835856e-01
98.210000 9.96916622e-01 -7.20590291e-02 9.24857592e-01
98.310000 9.97518360e-01 -7.26638748e-02 9.24854485e-01
98.410000 1.00493506e+00 -8.01062771e-02 9.24828786e-01
98.510000 1.00548175e+00 -8.06632391e-02 9.24818511e-01
98.610000 1.00885381e+00 -8.40342512e-02 9.24819558e-01
98.710000 1.01260667e+00 -8.77515758e-02 9.24855092e-01
98.810000 1.01969106e+00 -9.48517878e-02 9.24839274e-01
98.910000 1.00149431e+00 -7.66073456e-02 9.24886967e-01
99.010000 1.02145552e+00 -9.65975927e-02 9.24857923e-01
99.110000 1.00801880e+00 -8.31131332e-02 9.24905670e-01
99.210000 1.01226723e+00 -8.74484058e-02 9.24818820e-01
99.310000 9.99594725e-01 -7.47416618e-02 9.24853063e-01
99.410000 9.90354914e-01 -6.55004275e-02 9.24854486e-01
99.510000 9.89406907e-01 -6.45549349e-02 9.24851972e-01
99.610000 9.91067917e-01 -6.62412164e-02 9.24826700e-01
99.710000 9.96686584e-01 -7.18643682e-02 9.24822216e-01
99.810000 9.91391374e-01 -6.65180074e-02 9.24873367e-01
99.910000 9.95858352e-01 -7.10079877e-02 9.24850364e-01
